   duration  protocol_type   service      flag  wrong_fragment       hot  ...  dst_host_srv_diff_host_rate  dst_host_serror_rate  dst_host_srv_serror_rate  dst_host_rerror_rate  dst_host_srv_rerror_rate  attack-type
0 -0.209674      -0.208081  1.297939  0.713974        -0.08165 -0.155612  ...                         0.00                  0.00                      0.00                  0.12                      0.30       Normal
1 -0.216447       1.751983  0.711168  0.713974        -0.08165 -0.155612  ...                         0.00                  0.00                      0.00                  0.00                      0.00       Normal
2 -0.216447      -0.208081  1.297939  0.402946        -0.08165 -0.155612  ...                         0.00                  0.21                      0.68                  0.60                      0.00       Normal
3 -0.216447       1.751983  0.711168  0.713974        -0.08165 -0.155612  ...                         0.00                  0.00                      0.00                  0.00                      0.00       Normal
4 -0.216447      -0.208081  0.711168  1.025002        -0.08165 -0.155612  ...                         0.00                  1.00                      1.00                  0.00                      0.00        Probe
5 -0.216447      -0.208081 -0.723162  0.713974        -0.08165  1.480594  ...                         0.00                  0.00                      0.00                  0.01                      0.00          Dos
6 -0.216447      -0.208081 -0.592768 -1.774252        -0.08165 -0.155612  ...                         0.00                  0.00                      0.00                  1.00                      1.00          Dos
7  3.727575      -0.208081  1.297939  0.713974        -0.08165 -0.155612  ...                         0.00                  0.49                      0.76                  0.33                      0.01       Normal
8 -0.216447       1.751983  0.711168  0.713974        -0.08165 -0.155612  ...                         0.00                  0.00                      0.00                  0.00                      0.00       Normal
9 -0.216447      -0.208081 -0.918752  0.713974        -0.08165 -0.155612  ...                         0.04                  0.00                      0.00                  0.01                      0.00       Normal

[10 rows x 33 columns]